Ca
1.0: [0.         0.         0.         0.00016244 0.01949231 0.01949231
 0.01949231 0.01949231 0.01949231]
2.0: [0.00000000e+00 0.00000000e+00 1.35363276e-06 3.22164599e-04
 1.94923119e-02 1.94923119e-02 1.94923119e-02 1.94923119e-02
 1.94923119e-02]
3.0: [0.00000000e+00 1.12558817e-08 4.00709390e-06 4.78615422e-04
 1.94923119e-02 1.94923119e-02 1.94923119e-02 1.94923119e-02
 1.94923119e-02]
4.0: [0.00000000e+00 4.43653953e-08 7.91476533e-06 6.32497769e-04
 1.94923119e-02 1.94923119e-02 1.94923119e-02 1.94923119e-02
 1.94923119e-02]
5.0: [0.00000000e+00 1.09374593e-07 1.30349224e-05 7.83867084e-04
 1.94923119e-02 1.94923119e-02 1.94923119e-02 1.94923119e-02
 1.94923119e-02]
6.0: [0.00000000e+00 2.15816999e-07 1.93269144e-05 9.32772569e-04
 1.94923119e-02 1.94923119e-02 1.94923119e-02 1.94923119e-02
 1.94923119e-02]
7.0: [0.00000000e+00 3.72732178e-07 2.67512943e-05 1.07926450e-03
 1.94923119e-02 1.94923119e-02 1.94923119e-02 1.94923119e-02
 1.94923119e-02]
8.0: [0.00000000e+00 5.88683461e-07 3.52697542e-05 1.22339201e-03
 1.94923119e-02 1.94923119e-02 1.94923119e-02 1.94923119e-02
 1.94923119e-02]
9.0: [0.00000000e+00 8.71775157e-07 4.48450928e-05 1.36520314e-03
 1.94923119e-02 1.94923119e-02 1.94923119e-02 1.94923119e-02
 1.94923119e-02]
10.0: [0.00000000e+00 1.22966923e-06 5.54411844e-05 1.50474480e-03
 1.94923119e-02 1.94923119e-02 1.94923119e-02 1.94923119e-02
 1.94923119e-02]
O
1.0: [1.00030590e-07 1.00025900e-07 1.00025900e-07 3.24871896e-04
 3.89846237e-02 3.89846237e-02 3.89846237e-02 3.89846237e-02
 3.89846237e-02]
2.0: [1.00030455e-07 1.00026284e-07 2.71097095e-06 6.44329214e-04
 3.89846237e-02 3.89846237e-02 3.89846237e-02 3.89846237e-02
 3.89846237e-02]
3.0: [1.00030455e-07 1.11917558e-07 8.01544532e-06 9.57230856e-04
 3.89846237e-02 3.89846237e-02 3.89846237e-02 3.89846237e-02
 3.89846237e-02]
4.0: [1.00030455e-07 1.53803029e-07 1.58301695e-05 1.26499555e-03
 3.89846237e-02 3.89846237e-02 3.89846237e-02 3.89846237e-02
 3.89846237e-02]
5.0: [1.00030455e-07 2.57614033e-07 2.60702340e-05 1.56773418e-03
 3.89846237e-02 3.89846237e-02 3.89846237e-02 3.89846237e-02
 3.89846237e-02]
6.0: [1.00030455e-07 4.53712353e-07 3.86540922e-05 1.86554514e-03
 3.89846237e-02 3.89846237e-02 3.89846237e-02 3.89846237e-02
 3.89846237e-02]
7.0: [1.00030455e-07 7.58675760e-07 5.35027795e-05 2.15852900e-03
 3.89846237e-02 3.89846237e-02 3.89846237e-02 3.89846237e-02
 3.89846237e-02]
8.0: [1.00030455e-07 1.18582497e-06 7.05396536e-05 2.44678403e-03
 3.89846237e-02 3.89846237e-02 3.89846237e-02 3.89846237e-02
 3.89846237e-02]
9.0: [1.00030455e-07 1.74928801e-06 8.96903001e-05 2.73040628e-03
 3.89846237e-02 3.89846237e-02 3.89846237e-02 3.89846237e-02
 3.89846237e-02]
10.0: [1.00030455e-07 2.46341595e-06 1.10882462e-04 3.00948960e-03
 3.89846237e-02 3.89846237e-02 3.89846237e-02 3.89846237e-02
 3.89846237e-02]
H
1.0: [2.00051787e-07 2.00051801e-07 2.00051801e-07 3.24871929e-04
 3.89846237e-02 3.89846237e-02 3.89846237e-02 3.89846237e-02
 3.89846237e-02]
2.0: [2.00051787e-07 2.00051801e-07 2.71467626e-06 6.44329231e-04
 3.89846237e-02 3.89846237e-02 3.89846237e-02 3.89846237e-02
 3.89846237e-02]
3.0: [2.00051787e-07 2.01322536e-07 8.01670275e-06 9.57230868e-04
 3.89846237e-02 3.89846237e-02 3.89846237e-02 3.89846237e-02
 3.89846237e-02]
4.0: [2.00051787e-07 2.18874362e-07 1.58308083e-05 1.26499556e-03
 3.89846237e-02 3.89846237e-02 3.89846237e-02 3.89846237e-02
 3.89846237e-02]
5.0: [2.00051787e-07 2.96477907e-07 2.60706231e-05 1.56773418e-03
 3.89846237e-02 3.89846237e-02 3.89846237e-02 3.89846237e-02
 3.89846237e-02]
6.0: [2.00051787e-07 4.75789662e-07 3.86543554e-05 1.86554515e-03
 3.89846237e-02 3.89846237e-02 3.89846237e-02 3.89846237e-02
 3.89846237e-02]
7.0: [2.00051787e-07 7.71886036e-07 5.35029702e-05 2.15852900e-03
 3.89846237e-02 3.89846237e-02 3.89846237e-02 3.89846237e-02
 3.89846237e-02]
8.0: [2.00051787e-07 1.19428182e-06 7.05397987e-05 2.44678403e-03
 3.89846237e-02 3.89846237e-02 3.89846237e-02 3.89846237e-02
 3.89846237e-02]
9.0: [2.00051787e-07 1.75502446e-06 8.96904146e-05 2.73040628e-03
 3.89846237e-02 3.89846237e-02 3.89846237e-02 3.89846237e-02
 3.89846237e-02]
10.0: [2.00051787e-07 2.46749211e-06 1.10882555e-04 3.00948961e-03
 3.89846237e-02 3.89846237e-02 3.89846237e-02 3.89846237e-02
 3.89846237e-02]
CH
1.0: [0.         0.         0.         0.         0.94983756 0.95
 0.95       0.95       0.95      ]
2.0: [0.         0.         0.         0.         0.94967596 0.95
 0.95       0.95       0.95      ]
3.0: [0.         0.         0.         0.         0.94951627 0.95000006
 0.95       0.95       0.95      ]
4.0: [0.         0.         0.         0.         0.94935788 0.95000011
 0.95       0.95       0.95      ]
5.0: [0.         0.         0.         0.         0.94920077 0.95000017
 0.95       0.95       0.95      ]
6.0: [0.         0.         0.         0.         0.94904493 0.95000022
 0.95       0.95       0.95      ]
7.0: [0.         0.         0.         0.         0.94889032 0.95000028
 0.95       0.95       0.95      ]
8.0: [0.         0.         0.         0.         0.94873694 0.95000033
 0.95       0.95       0.95      ]
9.0: [0.         0.         0.         0.         0.94858475 0.95000038
 0.95       0.95       0.95      ]
10.0: [0.         0.         0.         0.         0.94843375 0.95000043
 0.95       0.95       0.95      ]
